                                                   The REG Procedure                                                    
                                                     Model: MODEL1                                                      
                                                Dependent Variable: mpg                                                 

Source                 DF  Sum of Squares  Mean Square   F Value    Pr > F
---------------  --------  --------------  -----------  --------  --------
Model                   3       702.48521    234.16174     67.53    <.0001
Error                  20        69.34812      3.46741                    
Corrected Total        23       771.83333                                 

Root MSE           1.86210    R-Square            0.9102
Dependent Mean      24.08333    Adj R-Sq            0.8967
Coeff Var          7.73189

                        Parameter Estimates                        

Variable         DF    Estimate  Standard Error   t Value  Pr > |t|
---------  --------  ----------  --------------  --------  --------
Intercept         1  1398.96462       376.23578      3.72    0.0014
poids             1    -0.00604         0.00103     -5.87    <.0001
age               1    -0.71057         0.19676     -3.61    0.0017
USA               1    -2.43935         1.37129     -1.78    0.0905

               Correlation Matrix               

Variable       mpg     poids       age       USA
--------  --------  --------  --------  --------
mpg        1.00000  -0.89895  -0.49645  -0.84700
poids     -0.89895   1.00000   0.23157   0.80449
age       -0.49645   0.23157   1.00000   0.37265
USA       -0.84700   0.80449   0.37265   1.00000

            Output Statistics             

     Obs  Dep Var mpg  Predicted  Residual
--------  -----------  ---------  --------
       1      18.0000    16.0643    1.9357
       2      15.0000    14.9237    0.0763
       3      18.0000    16.4747    1.5253
       4      16.0000    16.4928   -0.4928
       5      17.0000    16.3962    0.6038
       6      24.0000    25.3354   -1.3354
       7      27.0000    26.7959    0.2041
       8      26.0000    28.5762   -2.5762
       9      25.0000    23.5249    1.4751
      10      24.0000    24.9854   -0.9854
      11      22.0000    20.1139    1.8861
      12      18.0000    20.4699   -2.4699
      13      21.0000    21.5985   -0.5985
      14      32.0000    30.4046    1.5954
      15      28.0000    29.6683   -1.6683
      16      31.0000    30.4227    0.5773
      17      33.0000    32.3705    0.6295
      18      20.0000    19.4406    0.5594
      19      30.0000    29.2821    0.7179
      20      29.0000    29.1010   -0.1010
      21      23.0000    25.3577   -2.3577
      22      35.0000    30.6266    4.3734
      23      27.0000    27.5487   -0.5487
      24      19.0000    22.0254   -3.0254

                Output Statistics                 

     Obs  RStudent    DFFITS  Cook's D  Hat Diag H
--------  --------  --------  --------  ----------
       1    1.1264    0.4485  0.049617      0.1368
       2    0.0442    0.0211  0.000117      0.1847
       3    0.8703    0.3288  0.027367      0.1249
       4   -0.2762   -0.1042  0.002843      0.1245
       5    0.3393    0.1294  0.004379      0.1270
       6   -0.7689   -0.3204  0.026204      0.1480
       7    0.1145    0.0440  0.000510      0.1289
       8   -1.5567   -0.6640  0.102914      0.1539
       9    0.8931    0.4759  0.057205      0.2212
      10   -0.5668   -0.2454  0.015578      0.1578
      11    1.0997    0.4486  0.049800      0.1427
      12   -1.4872   -0.6402  0.096618      0.1563
      13   -0.3544   -0.1847  0.008922      0.2136
      14    0.9081    0.3316  0.027729      0.1176
      15   -0.9452   -0.3260  0.026706      0.1063
      16    0.3226    0.1180  0.003646      0.1180
      17    0.3728    0.1938  0.009816      0.2129
      18    0.3933    0.3495  0.031892      0.4412
      19    0.3986    0.1358  0.004812      0.1040
      20   -0.0559   -0.0190  0.000095      0.1037
      21   -1.5791   -1.0561  0.259477      0.3091
      22    3.0919    1.4292  0.357601      0.1760
      23   -0.3018   -0.0948  0.002352      0.0898
      24   -1.9389   -0.9722  0.207659      0.2009
